"topology1.txt"

ID: 4
Neighbors: 1 2 3

Dest:    1      2       3       0
Cost:    220    669     196     960
NextHop: 3      2       3       2

ID: 1
Neighbors: 4 0 3

Dest:    4      0       3       2
Cost:    220    907     24      746
NextHop: 3      0       3       3

ID: 2
Neighbors: 4 3 0

Dest:    4      3       0       1
Cost:    669    722     291     746
NextHop: 4      3       0       3

ID: 3
Neighbors: 2 4 1

Dest:    2      4       1       0
Cost:    722    196     24      931
NextHop: 2      4       1       1

ID: 0
Neighbors: 1 2

Dest:    1      2       4       3
Cost:    907    291     960     931
NextHop: 1      2       2       1

Rounds to converge: 1
Number of DV packets created and sent: 14
Last node to converge: 0
Path for packet with source 0 and destination 3: 0 1 3

#########################################################################################################################
"topology2.txt"

ID: 9
Neighbors: 4 2 8 6 0

Dest:    4      2       8       6       0       5       1       7       3
Cost:    723    310     406     796     711     630     1374    535     1331
NextHop: 4      2       2       8       0       8       8       8       4

ID: 4
Neighbors: 9 8 3 5 0 6

Dest:    9      8       3       5       0       6       7       1       2
Cost:    723    574     608     627     722     184     703     776     670
NextHop: 9      6       3       5       5       6       8       6       8

ID: 2
Neighbors: 9 8 6

Dest:    9      8       6       1       7       4       0       5       3
Cost:    310    96      486     1064    225     670     415     320     1278
NextHop: 9      8       8       8       8       6       8       8       6

ID: 8
Neighbors: 4 9 6 1 7 2

Dest:    4      9       6       1       7       2       5       3       0
Cost:    574    406     390     968     129     96      224     1182    319
NextHop: 6      2       6       1       7       2       7       4       7

ID: 6
Neighbors: 8 9 1 7 2 4

Dest:    8      9       1       7       2       4       5       3       0
Cost:    390    796     592     519     486     184     614     792     709
NextHop: 8      2       1       8       8       4       7       4       7

ID: 1
Neighbors: 6 8 3

Dest:    6      8       3       4       9       7       2       5       0
Cost:    592    968     446     776     1374    1097    1064    1192    1287
NextHop: 6      8       3       6       8       8       8       8       8

ID: 3
Neighbors: 1 4

Dest:    1      4       6       8       9       5       0       7       2
Cost:    446    608     792     1182    1331    1235    1330    1311    1278
NextHop: 1      4       4       4       4       4       4       4       4

ID: 7
Neighbors: 8 6 5

Dest:    8      6       5       4       0       9       1       2       3
Cost:    129    519     95      703     190     535     1097    225     1311
NextHop: 8      8       5       6       5       8       8       8       6

ID: 5
Neighbors: 7 4 0

Dest:    7      4       0       9       8       6       3       2       1
Cost:    95     627     95      630     224     614     1235    320     1192
NextHop: 7      4       0       7       7       7       4       7       7

ID: 0
Neighbors: 9 5 4

Dest:    9      5       4       7       8       3       6       2       1
Cost:    711    95      722     190     319     1330    709     415     1287
NextHop: 9      5       5       5       5       4       5       5       5

Rounds to converge: 3
Number of DV packets created: 120
Last node to converge: 0
Path for packet with source 0 and destination 7: 0 5 7

#########################################################################################################################
"topology3.txt"

ID: 23
Neighbors: 15 8 16 21 29 24

Dest:    15     8       16      21      29      24      7       11      3       9       6       1       19      26      13      22      17      2       4       28      27      20      12      18      14      25      10      5       0
Cost:    67     119     524     280     163     229     344     267     656     540     547     717     751     588     1279    176     228     445     761     313     444     843     958     1537    518     1022    220     937     1093
NextHop: 15     8       29      21      29      24      29      29      21      16      16      8       16      16      16      8       8       8       15      15      8       16      16      16      8       8       8       16      8

ID: 15
Neighbors: 23 16 22 21 6 4 28

Dest:    23     16      22      21      6       4       28      1       26      18      14      3       5       8       27      17      2       10      0       7       9       19      13      29      24      12      25      20      11
Cost:    67     591     243     347     614     694     246     741     655     1604    585     723     1004    186     511     295     512     287     1160    411     607     818     1346    230     296     1006    1089    910     334
NextHop: 23     23      23      23      23      4       28      4       23      23      22      21      23      23      22      23      22      22      22      23      23      23      23      23      23      4       22      23      23

ID: 8
Neighbors: 23 7 22 17 2

Dest:    23     7       22      17      2       14      13      5       9       15      1       27      10      0       16      29      11      21      24      6       20      19      25      4       12      28      26      3       18
Cost:    119    463     57      109     326     399     1192    850     421     186     598     325     101     974     437     282     386     399     348     460     756     664     903     645     863     432     501     775     1450
NextHop: 23     23      22      17      22      2       17      17      17      23      22      22      22      22      17      23      23      23      23      17      17      17      22      22      22      23      17      23      17

ID: 16
Neighbors: 23 15 7 9 6 1 19 26 13

Dest:    23     15      7       9       6       1       19      26      13      2       20      4       12      18      22      14      28      25      10      3       5       17      8       29      11      27      21      24      0
Cost:    524    591     180     16      23      699     227     64      755     336     319     746     434     1013    494     263     558     1253    538     709     413     328     437     361     465     762     804     667     573
NextHop: 7      23      7       9       6       26      19      26      13      6       26      1       26      19      9       6       6       1       9       6       6       9       9       7       7       9       23      7       26

ID: 7
Neighbors: 16 8 9 29 11 27

Dest:    16     8       9       29      11      27      22      25      23      24      19      17      15      6       1       26      13      2       10      0       21      18      20      4       12      14      28      3       5
Cost:    180    463     196     181     285     788     520     1366    344     487     407     508     411     203     879     244     935     516     564     753     624     1193    499     926     614     443     657     889     593
NextHop: 16     29      16      29      29      8       8       27      29      29      16      9       29      16      16      16      16      16      8       16      29      16      16      16      16      16      29      16      16

ID: 22
Neighbors: 8 15 1 27 17 2 10 0

Dest:    8      15      1       27      17      2       10      0       20      14      13      5       9       7       25      16      4       12      28      23      21      6       26      19      29      11      18      24      3
Cost:    57     243     541     268     166     269     44      917     813     342     1249    907     478     520     846     494     588     806     489     176     456     517     558     721     339     443     1507    405     832
NextHop: 8      8       10      27      8       2       10      0       17      2       17      17      17      8       27      17      1       1       15      8       8       17      17      17      8       8       17      8       8

ID: 9
Neighbors: 7 16 19 17

Dest:    7      16      19      17      22      8       18      29      11      27      23      15      6       1       26      13      2       10      0       4       25      24      20      12      14      28      3       5       21
Cost:    196    16      243     312     478     421     1029    377     481     746     540     607     39      715     80      771     352     522     589     762     1269    683     335     450     279     574     725     429     820
NextHop: 16     16      16      17      17      17      19      7       7       17      17      17      16      16      16      16      16      17      16      16      16      7       16      16      16      16      16      16      17

ID: 21
Neighbors: 15 23 3

Dest:    15     23      3       6       16      22      4       28      8       29      24      14      5       1       26      18      27      17      2       10      0       7       9       19      13      11      12      25      20
Cost:    347    280     376     827     804     456     1041    593     399     443     509     798     1217    997     868     1817    724     508     725     500     1373    624     820     1031    1559    547     1238    1302    1123
NextHop: 23     23      3       23      23      23      15      15      23      23      23      23      23      23      23      23      23      23      23      23      23      23      23      23      23      23      23      23      23

ID: 6
Neighbors: 15 16 14 4 3 28 5

Dest:    15     16      14      4       3       28      5       2       1       21      26      18      23      7       9       19      13      22      8       12      25      10      20      17      29      11      27      24      0
Cost:    614    23      240     769     686     535     390     313     722     827     87      1036    547     203     39      250     778     517     460     457     1276    561     342     351     384     488     785     690     596
NextHop: 16     16      14      16      3       28      5       14      16      16      16      16      16      16      16      16      16      16      16      16      16      16      16      16      16      16      16      16      16

ID: 1
Neighbors: 16 22 14 4 12 28 25 10

Dest:    16     22      14      4       12      28      25      10      27      6       15      26      18      2       8       17      0       23      7       9       19      13      3       5       21      20      29      11      24
Cost:    699    541     840     47      265     498     554     497     809     722     741     635     1067    810     598     707     1144    717     879     715     926     1454    1373    1112    997     890     880     984     946
NextHop: 12     10      14      4       12      28      25      10      22      16      4       12      4       22      22      22      12      22      16      16      16      16      22      16      22      12      22      22      22

ID: 29
Neighbors: 7 23 24 11

Dest:    7      23      24      11      16      8       9       27      15      21      22      25      19      17      6       1       26      13      2       3       4       28      10      0       18      20      12      14      5
Cost:    181    163     306     104     361     282     377     607     230     443     339     1185    588     391     384     880     425     1116    608     819     924     476     383     934     1374    680     795     624     774
NextHop: 7      23      24      11      7       23      7       23      23      23      23      23      7       23      7       23      7       7       23      23      23      23      23      7       7       7       7       7       7

ID: 14
Neighbors: 6 1 2

Dest:    6      1       2       22      13      5       8       16      4       12      28      25      10      15      3       20      27      17      0       23      7       26      18      9       19      21      29      11      24
Cost:    240    840     73      342     1018    630     399     263     887     697     775     1188    386     585     926     582     610     508     836     518     443     327     1276    279     490     798     624     728     747
NextHop: 6      1       2       2       6       6       2       6       1       6       6       2       2       2       6       6       2       2       6       2       6       6       6       6       6       2       6       6       2

ID: 24
Neighbors: 23 29

Dest:    23     29      7       11      15      8       16      21      9       27      3       6       1       19      26      13      22      17      2       4       28      25      20      12      18      14      10      5       0
Cost:    229    306     487     410     296     348     667     509     683     673     885     690     946     894     731     1422    405     457     674     990     542     1251    986     1101    1680    747     449     1080    1240
NextHop: 23     29      29      29      23      23      29      23      29      23      23      29      23      29      29      29      23      23      23      23      23      23      29      29      29      23      23      29      29

ID: 4
Neighbors: 1 6 26 18 15

Dest:    1      6       26      18      15      19      16      12      20      22      14      28      25      10      3       5       23      21      9       13      0       7       27      2       8       17      29      24      11
Cost:    47     769     682     1020    694     973     746     312     937     588     887     545     601     544     1417    1159    761     1041    762     1501    1191    926     856     857     645     754     924     990     1028
NextHop: 1      26      1       18      15      26      26      1       26      1       1       1       1       1       15      26      15      15      26      26      26      26      1       1       1       1       15      15      15

ID: 19
Neighbors: 16 9 18

Dest:    16     9       18      4       7       17      23      15      6       1       26      13      22      8       29      11      27      2       20      12      14      28      25      10      3       5       21      24      0
Cost:    227    243     786     973     407     555     751     818     250     926     291     982     721     664     588     692     989     563     546     661     490     785     1480    765     936     640     1031    894     800
NextHop: 16     16      18      16      16      9       16      16      16      16      16      16      9       9       16      16      9       16      16      16      16      16      16      9       16      16      16      16      16

ID: 26
Neighbors: 4 16 12 20

Dest:    4      16      12      20      13      0       1       6       18      15      23      7       9       19      22      2       14      28      25      10      3       5       21      17      8       29      11      27      24
Cost:    682    64      370     255     819     509     635     87      1077    655     588     244     80      291     558     400     327     622     1189    602     773     477     868     392     501     425     529     826     731
NextHop: 12     16      12      20      16      20      12      16      16      16      16      16      16      16      16      16      16      16      12      16      16      16      16      16      16      16      16      16      16

ID: 11
Neighbors: 7 29

Dest:    7      29      23      24      16      8       9       27      15      21      22      25      19      17      6       1       26      13      2       3       4       28      10      0       18      20      12      14      5
Cost:    285    104     267     410     465     386     481     711     334     547     443     1289    692     495     488     984     529     1220    712     923     1028    580     487     1038    1478    784     899     728     878
NextHop: 29     29      29      29      7       29      7       29      29      29      29      29      7       29      7       29      7       7       29      29      29      29      29      7       7       7       7       7       7

ID: 18
Neighbors: 4 19

Dest:    4      19      16      9       1       6       26      15      7       17      23      13      12      20      22      14      28      25      10      3       5       21      8       29      11      27      2       24      0
Cost:    1020   786     1013    1029    1067    1036    1077    1604    1193    1341    1537    1768    1332    1332    1507    1276    1565    1621    1551    1722    1426    1817    1450    1374    1478    1775    1349    1680    1586
NextHop: 4      19      19      19      4       19      19      19      19      19      19      19      4       19      19      19      4       4       19      19      19      19      19      19      19      19      19      19      19

ID: 3
Neighbors: 21 6

Dest:    21     6       15      16      14      4       28      5       23      2       1       26      18      7       9       19      13      22      8       29      24      12      25      10      20      17      11      27      0
Cost:    376    686     723     709     926     1417    969     1076    656     999     1373    773     1722    889     725     936     1464    832     775     819     885     1143    1678    876     1028    884     923     1100    1282
NextHop: 21     6       21      6       6       21      21      6       21      6       21      6       6       6       6       6       6       21      21      21      21      6       21      21      6       21      21      21      6

ID: 12
Neighbors: 1 26

Dest:    1      26      4       16      20      22      14      28      25      10      13      0       6       18      15      23      7       9       19      27      2       8       17      3       5       21      29      11      24
Cost:    265    370     312     434     625     806     697     763     819     762     1189    879     457     1332    1006    958     614     450     661     1074    770     863     762     1143    847     1238    795     899     1101
NextHop: 1      26      1       26      26      1       26      1       1       1       26      26      26      1       1       26      26      26      26      1       26      1       26      26      26      26      26      26      26

ID: 27
Neighbors: 22 7 25

Dest:    22     7       25      1       8       15      17      2       10      0       16      9       29      11      14      4       12      28      20      13      5       23      21      6       24      19      26      18      3
Cost:    268    788     578     809     325     511     434     537     312     1185    762     746     607     711     610     856     1074    757     1081    1517    1175    444     724     785     673     989     826     1775    1100
NextHop: 22     22      25      22      22      22      22      22      22      22      22      22      22      22      22      22      22      22      22      22      22      22      22      22      22      22      22      22      22

ID: 17
Neighbors: 9 22 8

Dest:    9      22      8       7       16      19      15      1       27      2       10      0       23      18      29      11      6       26      13      20      14      5       25      4       12      28      21      24      3
Cost:    312    166     109     508     328     555     295     707     434     435     210     901     228     1341    391     495     351     392     1083    647     508     741     1012    754     762     541     508     457     884
NextHop: 9      8       8       9       9       9       8       22      22      22      22      9       8       9       8       8       9       9       9       9       22      9       22      22      9       8       8       8       8

ID: 2
Neighbors: 22 14 13 5 8

Dest:    22     14      13      5       8       6       16      20      1       15      27      17      10      0       23      7       4       3       28      26      9       19      12      25      21      29      11      24      18
Cost:    269    73      986     703     326     313     336     655     810     512     537     435     313     909     445     516     857     999     758     400     352     563     770     1115    725     608     712     674     1349
NextHop: 22     14      13      14      22      14      14      14      22      8       22      8       22      14      8       14      22      14      22      14      14      14      14      22      8       8       8       8       14

ID: 13
Neighbors: 16 2 20

Dest:    16     2       20      26      0       22      14      5       8       23      15      7       9       6       1       19      4       12      27      17      10      18      28      25      3       29      11      21      24
Cost:    755    986     1001    819     1255    1249    1018    1168    1192    1279    1346    935     771     778     1454    982     1501    1189    1517    1083    1293    1768    1313    2008    1464    1116    1220    1559    1422
NextHop: 16     2       20      16      20      16      16      16      16      16      16      16      16      16      16      16      16      16      16      16      16      16      16      16      16      16      16      16      16

ID: 28
Neighbors: 6 1 15

Dest:    6      1       15      16      22      14      4       12      25      10      3       5       23      21      27      26      18      2       8       17      0       7       9       19      13      29      24      20      11
Cost:    535    498     246     558     489     775     545     763     1052    533     969     925     313     593     757     622     1565    758     432     541     1131    657     574     785     1313    476     542     877     580
NextHop: 6      1       15      6       15      6       1       1       1       15      15      6       15      15      15      6       1       15      15      15      6       15      6       6       6       15      15      6       15

ID: 20
Neighbors: 13 26 0

Dest:    13     26      0       22      16      2       4       12      8       15      1       27      17      10      14      5       23      7       9       6       19      18      25      28      21      3       29      11      24
Cost:    1001   255     254     813     319     655     937     625     756     910     890     1081    647     857     582     732     843     499     335     342     546     1332    1444    877     1123    1028    680     784     986
NextHop: 13     26      0       26      26      26      26      26      26      26      26      26      26      26      26      26      26      26      26      26      26      26      26      26      26      26      26      26      26

ID: 25
Neighbors: 27 1

Dest:    27     1       22      7       16      14      4       12      28      10      8       15      17      2       0       9       29      11      6       26      18      23      19      13      20      5       21      24      3
Cost:    578    554     846     1366    1253    1188    601     819     1052    890     903     1089    1012    1115    1698    1269    1185    1289    1276    1189    1621    1022    1480    2008    1444    1666    1302    1251    1678
NextHop: 27     1       27      27      1       27      1       1       1       27      27      27      27      27      1       1       27      27      1       1       1       27      1       1       1       1       27      27      27

ID: 10
Neighbors: 1 22

Dest:    1      22      16      14      4       12      28      25      8       15      27      17      2       0       6       26      18      23      7       9       19      13      20      5       21      3       29      11      24
Cost:    497    44      538     386     544     762     533     890     101     287     312     210     313     961     561     602     1551    220     564     522     765     1293    857     951     500     876     383     487     449
NextHop: 1      22      22      22      1       1       22      22      22      22      22      22      22      22      22      22      22      22      22      22      22      22      22      22      22      22      22      22      22

ID: 5
Neighbors: 6 2

Dest:    6      2       22      14      13      8       15      16      4       3       28      20      1       27      17      10      0       23      7       21      26      18      9       19      12      25      29      11      24
Cost:    390    703     907     630     1168    850     1004    413     1159    1076    925     732     1112    1175    741     951     986     937     593     1217    477     1426    429     640     847     1666    774     878     1080
NextHop: 6      6       6       6       6       6       6       6       6       6       6       6       6       6       6       6       6       6       6       6       6       6       6       6       6       6       6       6       6

ID: 0
Neighbors: 20 22

Dest:    20     22      13      26      8       15      1       27      17      2       10      16      4       12      14      5       9       7       25      28      23      21      6       19      18      29      11      24      3
Cost:    254    917     1255    509     974     1160    1144    1185    901     909     961     573     1191    879     836     986     589     753     1698    1131    1093    1373    596     800     1586    934     1038    1240    1282
NextHop: 20     22      20      20      22      22      20      22      20      20      22      20      20      20      20      20      20      20      20      20      22      22      20      20      20      20      20      20      20

Rounds to converge: 6
Number of DV packets created: 720
Last node to converge: 5
Path for packet with source 0 and destination 23: 0 22 8 23
